1711513924.099062204 1711513923.656123161
1711513934.237145423 1711513923.964715242
1711513944.371065855 1711513923.525179386
1711513954.506204605 1711513914.946508884
1711513964.640118598 1711513905.690639019
1711513974.777516841 1711513895.588597774
1711513984.911887645 1711513885.350859403
1711513995.045987129 1711513875.284330129
1711514005.179810762 1711513865.284541606
1711514015.318183422 1711513855.080054998
1711514025.452152729 1711513844.913791894
1711514035.586441993 1711513834.775890111
1711514045.720245838 1711513824.641402959
1711514055.858519554 1711513814.471948146
1711514065.992334365 1711513804.472213506
1711514076.126393556 1711513794.235441684
1711514086.261643886 1711513784.168575286
1711514096.398875713 1711513774.101106166
1711514106.532660722 1711513763.866353273
1711514116.668834924 1711513753.797451496
1711514126.801008701 1711513743.665181875
1711514136.938812255 1711513733.427297592
1711514147.074090480 1711513723.326988935
1711514157.209574699 1711513713.154705047
1711514167.342158317 1711513703.020655393
1711514177.480628013 1711513692.886393070
1711514187.613670826 1711513682.716143608
1711514197.749708652 1711513672.514957189
1711514207.882469892 1711513662.784709930
1711514218.019925832 1711513654.342498302
1711514228.154398918 1711513644.202577590
1711514238.288536548 1711513634.037405014
1711514248.423342227 1711513623.799114227
1711514258.562258243 1711513613.696988105
1711514268.695509433 1711513603.594611406
1711514278.828612804 1711513593.393572568
1711514288.965481281 1711513583.156480789
1711514299.100756645 1711513572.955595731
1711514309.235029697 1711513562.816626787
1711514319.369796752 1711513552.650691509
1711514329.503303051 1711513542.445975303
1711514339.641189336 1711513532.279345512
1711514349.775135755 1711513522.074831485
1711514359.911316156 1711513511.837949752
1711514370.044022798 1711513501.873693943
1711514380.181808948 1711513491.501611948
1711514390.316168785 1711513481.399338722
1711514400.450022697 1711513471.435100793
1711514410.583859920 1711513461.130812168
1711514420.721871376 1711513450.926048517
1711514430.856538534 1711513440.894950866
1711514440.989746809 1711513430.621834754
1711514451.124902963 1711513420.590737342
1711514461.262026548 1711513410.519951820
1711514471.396801948 1711513400.251520872
1711514481.530672073 1711513390.117100954
1711514491.665783166 1711513380.252311945
1711514501.802587986 1711513369.980080366
1711514511.936815977 1711513359.813702583
1711514522.071033716 1711513349.608265876
1711514532.205789089 1711513339.676409959
1711514542.343000650 1711513329.272983074
1711514552.478933572 1711513319.206397533
1711514562.611658573 1711513309.205483913
1711514572.745937109 1711513299.003655672
1711514582.883658647 1711513288.799543142
1711514593.017848014 1711513278.697826623
1711514603.151715993 1711513268.461080312
1711514613.286562442 1711513258.291031122
1711514623.423947334 1711513248.359169960
1711514633.558408498 1711513238.089568376
1711514643.692485570 1711513228.022779226
1711514653.826831340 1711513217.821314811
1711514663.964432239 1711513207.584485292
1711514674.098597765 1711513197.584940671
1711514684.232546329 1711513187.482671022
1711514694.367491245 1711513177.348536968
1711514704.505031108 1711513167.178847312
1711514714.639229297 1711513157.076254367
1711514724.773174762 1711513146.672904253
1711514734.907700777 1711513136.669918060
1711514745.045026302 1711513126.570812702
1711514755.180922746 1711513116.433444261
1711514765.315711975 1711513106.366481781
1711514775.447528600 1711513096.201502800
1711514785.585901260 1711513086.097929000
1711514795.719641447 1711513074.848023414
1711514805.854164600 1711513062.380562782
1711514815.987763166 1711513051.908580064
1711514826.128056049 1711513041.806403160
1711514836.259835004 1711513032.954767704
1711514846.394575119 1711513022.888051033
1711514856.528180360 1711513012.719187974
1711514866.666437387 1711513002.619011879
1711514876.800516367 1711512992.481094360
1711514886.936139583 1711512982.346838951
1711514897.070525169 1711512972.110359907
1711514907.207068920 1711512962.043527126
1711514917.341089963 1711512951.941456079
1711514927.475478649 1711512941.842102527
1711514937.609780311 1711512931.672682523
1711514947.747228384 1711512921.538439512
1711514957.881875991 1711512911.468075037
1711514968.015803813 1711512904.951880693
