1711511601.949504613 1711511588.907341241
1711511612.348978996 1711511589.247332096
1711511621.778403282 1711511588.942562103
1711511632.185452938 1711511588.570965290
1711511642.078925848 1711511578.266345739
1711511652.489528417 1711511567.862930536
1711511662.861258506 1711511557.657728910
1711511672.793579339 1711511547.693259954
1711511683.164806842 1711511537.321801662
1711511713.401066780 1711511522.455048561
1711511723.773057699 1711511517.421675682
1711511729.886154651 1711511510.935551643
1711511744.111728429 1711511496.611105203
1711511754.483127832 1711511486.140733480
1711511764.415482997 1711511476.342559337
1711511774.787041902 1711511465.698243379
1711511784.719398498 1711511455.497008800
1711511795.091044664 1711511445.834022760
1711511799.313431024 1711511441.441246509
1711511814.919942617 1711511425.597229003
1711511825.327171564 1711511415.395659923
1711511835.223814249 1711511405.261557817
1711511845.631018161 1711511394.957477092
1711511855.527895927 1711511384.922389030
1711511865.935093164 1711511374.720899820
1711511875.867199420 1711511364.618311405
1711511886.238482236 1711511354.246841669
1711511896.645656824 1711511343.503390550
1711511905.766769647 1711511334.516976118
1711511916.138372898 1711511324.180924415
1711511926.070598602 1711511314.280476570
1711511936.442345619 1711511275.698644399
1711511940.189564704 1711511271.444674491
1711511956.745900154 1711511254.516671657
1711511967.149356842 1711511232.827628374
1711511977.049871921 1711511223.033667802
1711511987.453192710 1711511212.626523256
1711511996.878761768 1711511203.030827522
1711512007.285906553 1711511192.726203918
1711512017.657318592 1711511182.153105735
1711512027.589890003 1711511172.592499017
1711512037.961403369 1711511162.051057338
1711512047.894124269 1711511151.952650308
1711512058.293798923 1711511141.513770341
1711512068.197660684 1711511131.680478572
1711512078.604741811 1711511121.202337741
1711512085.628518104 1711511114.249356985
1711512098.433592319 1711511101.274260520
1711512108.805154085 1711511090.969809055
1711512118.737814188 1711511080.970048427
1711512129.108934879 1711511070.598932743
1711512139.041239261 1711511060.599080562
1711512149.413029909 1711511050.195903778
1711512155.055733680 1711511044.418562173
1711512169.716812610 1711511029.824874877
1711512180.123946905 1711511019.315102100
1711512190.056320428 1711511009.552625417
1711512199.953060626 1711510999.485934019
1711512209.885115146 1711510989.486091613
1711512220.256657361 1711510979.249485492
1711512224.478895187 1711510974.857110500
1711512240.560528993 1711510958.708089590
1711512250.967691183 1711510948.439308166
1711512260.864476442 1711510938.404337167
1711512271.271419763 1711510928.099925994
1711512281.168148756 1711510918.270580291
1711512291.575260162 1711510907.689673900
1711512301.472454786 1711510897.460342407
1711512311.404450893 1711510887.931591272
1711512321.811284303 1711510877.425354480
1711512331.708203554 1711510867.085932493
1711512342.115560770 1711510856.852901935
1711512352.016218423 1711510846.884687900
1711512362.419043064 1711510834.487288236
1711512369.917971372 1711510825.128682613
1711512382.722921133 1711510812.189068794
1711512393.094530820 1711510801.884926795
1711512402.555921316 1711510792.154450416
1711512412.927230358 1711510781.985234260
1711512422.859504222 1711510771.751674175
1711512433.231416463 1711510761.447076320
1711512439.344951868 1711510755.029010295
1711512453.566664457 1711510740.906064271
1711512463.938360929 1711510730.400318145
1711512473.870655059 1711510720.736825942
1711512484.242131471 1711510710.163262367
1711512493.703369617 1711510700.702106714
1711512504.075023651 1711510690.568194627
1711512508.772110223 1711510685.803480863
1711512524.378773450 1711510669.995109558
1711512534.781988620 1711510659.623470783
1711512544.682830095 1711510649.691064834
1711512555.085913896 1711510639.046690225
1711512564.986615657 1711510629.521888256
1711512575.389712572 1711510618.912917375
1711512585.318462610 1711510608.810612916
1711512595.020925760 1711510598.506655693
1711512605.392357587 1711510584.790942907
1711512615.324791193 1711510567.933855533
1711512623.903648138 1711510546.074791669
1711512625.696174621 1711510539.724002838
